8
4 5 0.35
4 7 0.37
5 7 0.28
0 7 0.16
1 5 0.32
0 4 0.38
2 3 0.17
1 7 0.19
0 2 0.26
1 2 0.36
1 3 0.29
2 7 0.34
6 2 0.40
3 6 0.52
6 0 0.58
6 4 0.93
5 4 0.35
7 4 0.37
7 5 0.28
7 0 0.16
5 1 0.32
4 0 0.38
3 2 0.17
7 1 0.19
2 0 0.26
2 1 0.36
3 1 0.29
7 2 0.34
2 6 0.40
6 3 0.52
0 6 0.58
4 6 0.93
